4 0.2046875 0.4953125 0.1140625 0.4328125
7 0.684375 0.4640625 0.12109375 0.45078125
8 0.8359375 0.4546875 0.12734375 0.44140625
7 0.05390625 0.509375 0.10703125 0.4234375
2 0.55390625 0.4640625 0.12109375 0.4140625
2 0.41640625 0.46875 0.12734375 0.39609375
7 0.684375 0.44140625 0.12109375 0.39609375
7 0.05390625 0.47734375 0.10703125 0.36953125
2 0.56015625 0.47265625 0.12109375 0.4234375
7 0.684375 0.39609375 0.12109375 0.30625
2 0.42265625 0.48671875 0.12734375 0.4234375
7 0.05390625 0.43671875 0.10703125 0.28828125